391

298 65 69
298 143 27 12
298 123 124 93 17
298 61 289 8 22
298 299 105 33
287 132 134
287 31 32 123 7
287 105 104 19 4
287 105 103 15 11
287 1 209 212 104 1
287 1 103 15 7
287 202 114 32 22
287 290 101 38
287 289 8 31
287 288 290 101 6
274 62 57
274 269 29 11
274 11 36 23
274 273 45 19
271 97 79
271 68 43 35
271 100 90 44 11
271 172 80 76 1
271 172 33 35 69 10
271 172 244 83 1
271 270 78 5
265 79 81
265 146 21 11
265 170 224 37 9
265 170 279 120 5
265 170 178 106 7
265 262 29 84 21
265 266 9 17
265 266 146 21 8
265 264 126 9
260 8 110 16
260 35 69 27
260 289 8 8
260 139 239 104 19 6
260 139 113 19 99 1
260 139 113 114 32 2
260 95 276 38 4
260 95 98 103 30
260 238 16 16
260 250 91 9
260 292 113 32
260 205 259 269 29 15
260 205 170 178 106 1
260 262 257 258 49 1
260 262 283 46 9
260 262 286 47 13
260 261 56 128 26
260 267 69 40 7
260 267 269 29 38
260 272 59 133 19
260 272 170 178 106 7
260 272 270 78 14
260 204 227 41 7
256 20 78
256 258 49 34
256 255 74 36
256 254 238 16 3
256 254 258 49 13
248 85 101
248 124 93 29
248 264 126 14
248 247 103 15 32
248 247 245 100 3
248 246 245 100 21
248 245 100 11
241 59 96
241 177 98 41
241 247 245 100 7
241 281 227 41 19
241 281 282 107 15
241 281 282 280 58 1
241 281 280 58 15
241 133 104 19 3
241 133 130 114 32 1
241 239 104 19 4
241 204 227 41 19
241 204 6 131 26
241 204 106 135 111 1
240 129 90
240 129 13 44
235 18 141
235 225 224 37 3
235 34 35 69 20
235 34 35 224 37 1
235 65 91 121 3
235 236 88 50
235 234 236 88 10
235 233 20 18 151 223 25 1
235 233 20 18 19 99 6
235 233 236 88 22
218 71 118
218 11 36 20
218 11 236 88 2
218 22 17 8
218 276 38 39
201 22 17 28
201 136 223 25 16
201 136 137 116 24
201 204 106 135 111 18
201 204 180 212 104 20
201 204 180 181 75 4
201 203 168 122 22
201 202 114 32 2
201 209 212 104 14
201 223 25 31
201 224 37 20
201 227 41 5
201 200 69 40 6
201 200 207 115 36
199 109 72
199 238 16 25
199 198 63 39
199 196 165 89 3
199 172 244 83 1
199 172 194 33 6
187 61 140
187 101 70 23
187 192 193 191 6 5
187 192 191 6 19
187 192 190 24 10
187 189 212 104 10
187 189 188 35 11
187 188 35 47
187 186 188 35 9
176 134 115
176 148 81 10
176 16 54 44
176 110 114 15
176 177 98 40
176 175 200 207 115 3
176 173 168 122 7
176 173 177 98 3
171 72 118 26
171 110 114 13
171 101 70 41
171 264 126 36
171 264 82 19 99 4
171 264 82 84 52 1
171 264 266 146 21 3
171 155 195 92 3
171 276 38 24
171 181 75 25
171 185 96 35
171 188 35 12
171 192 190 24 6
171 262 286 47 8
171 203 168 122 23
171 203 214 283 46 17
171 203 236 88 4
166 82 151
166 291 1 103 15 5
166 291 1 103 104 19 1
166 291 292 113 4
166 132 157 117 26
166 132 188 35 5
166 132 19 99 8
166 132 152 80 8
166 168 122 22
166 165 89 27
164 3 211
164 30 53 37
164 30 32 123 12
164 64 124 93 1
164 162 161 102 35
164 161 102 15
160 112 138
160 252 236 88 2
160 252 251 55 1
160 74 94 29
160 163 279 120 20
160 163 104 19 17
160 163 27 29 84 1
160 161 102 4
149 66 55
149 244 83 7
149 150 292 113 4
149 148 81 24
147 30 151
147 281 280 58 5
147 281 279 120 30
147 71 67 33
147 3 211 212 104 8
147 3 32 123 18
147 3 170 178 106 9
147 146 21 35
147 146 77 125 6
141 39 204
141 38 36 77 6
141 206 207 115 40
141 204 180 181 75 4
141 131 59 133 2
141 131 177 98 20
141 131 92 90 7
141 130 114 32 16
141 130 211 212 104 6
140 7 96
140 229 228 227 41 17
134 42 130
134 112 110 114 2
134 135 111 18
134 135 190 24 32
134 130 211 212 104 1
134 130 55 32 123 1
134 130 122 52 124 3
134 130 212 104 3
134 130 137 116 31
119 5 149
119 277 124 93 19
119 277 190 24 31
119 4 80 76 10
119 4 55 32 123 10
119 117 273 45 8
116 56 113
116 120 64 46
116 115 152 80 18
109 72 176
109 208 207 115 14
109 263 253 250 91 17
109 263 83 58 59 133 5
109 263 292 113 21
109 110 114 41
108 48 93
108 221 34 41
108 290 101 17
96 14 84
96 80 76 37
96 262 286 47 1
96 98 103 6
96 97 209 212 104 3
96 95 98 103 4
96 95 97 209 212 104 2
96 63 44 57 31 15
96 63 36 77 28
94 23 100
94 186 188 35 3
94 143 27 47
94 98 103 37
86 86 179
86 231 69 40 10
86 231 71 67 12
86 16 54 1
86 16 83 58 59 133 4
86 16 83 58 57 31 2
86 16 14 50 15
86 16 13 15 91 121 6
86 194 33 26
86 194 195 92 8
86 5 177 98 10
86 5 255 74 6
86 5 165 89 31
86 5 57 31 3
85 68 146
85 91 121 4
85 275 132 152 80 32
85 275 132 156 155 195 92 2
85 154 71 67 8
85 154 71 43 10 14
85 261 56 128 1
85 261 6 131 4
85 261 279 120 11
85 261 46 68 43 3
85 261 81 82 84 52 4
85 261 168 122 4
85 261 273 45 1
76 51 82
76 270 78 10
76 74 94 13
76 78 200 207 115 2
76 78 77 125 22
76 77 125 30
73 108 115
73 90 44 47
73 252 251 55 36
73 252 251 250 91 4
73 252 250 91 1
73 252 205 170 178 106 5
73 75 185 96 1
73 75 74 94 5
73 75 72 118 1
73 74 94 8
73 74 72 118 11
73 72 118 11
67 26 89
67 182 181 75 22
67 182 181 279 120 6
67 69 40 15
67 68 43 34
62 15 91 121 3
62 144 58 57 31 11
62 144 145 22 17
62 297 58 57 31 17
62 219 217 2 21
62 219 221 34 7
62 66 55 32 123 4
62 66 277 190 24 9
62 66 277 190 191 6 5
62 66 128 6 131 8
62 66 128 98 103 10
62 66 128 129 13 8
62 65 91 121 23
62 65 114 32 10
62 77 125 4
62 80 76 14
62 80 79 28 15
62 82 84 52 34
62 88 222 211 212 104 13
62 88 90 44 6
62 92 90 27
62 61 289 8 8
62 61 254 258 49 18
62 61 254 255 74 9
62 61 254 255 258 49 9
62 61 60 283 46 1
62 60 283 46 3
62 60 290 101 16
53 87 119
53 52 124 3
51 11 98
51 217 2 37
51 198 63 13
51 52 124 17
50 130 114
50 110 114 35
50 100 90 44 3
50 100 101 70 41
50 177 98 4
50 115 152 80 18
50 115 120 64 8
50 115 120 117 273 45 4
50 60 290 101 4
50 52 124 17
49 119 100
49 36 77 26
49 93 56 128 18
49 93 92 90 9
49 93 91 121 2
49 242 60 38
49 242 244 83 9
49 52 124 12
41 1 64
41 299 105 44
41 145 22 15
41 145 92 90 11
41 45 102 279 120 2
41 44 57 31 3
41 44 155 195 92 14
41 44 43 10 22
41 42 40 43 10 7
37 0 121
37 230 232 27 29 84 9
37 198 63 7
37 202 114 32 17
37 202 238 16 3
37 262 286 47 15
37 262 290 101 18
37 36 77 28
24 127 267
24 297 58 57 31 13
24 297 299 105 2
24 184 197 132 156 155 195 92 1
24 184 162 161 102 11
24 184 183 12 35
24 168 122 41
24 292 113 31
24 22 17 41
17 73 84
17 157 117 24
17 157 155 195 92 9
17 16 13 15 91 121 1
17 16 13 15 14 50 4
17 14 50 33
17 0 4 55 32 123 10
9 4 139
9 124 93 50
9 158 57 29
9 293 182 181 279 120 3
9 293 59 133 2
9 293 296 249 205 170 178 106 2
7 95 82
7 48 72 118 3
7 48 0 4 55 32 123 1
7 48 47 92 90 20
7 48 4 55 32 123 12
7 8 110 15
7 8 6 131 5
7 6 131 39
